Cryobacterium_soli_1014884_1015033_+	mtb_smORF434_1473134_1473394_-	85.294	34	5	0	1	34	2	35	9.71e-18	62.4
Cryobacterium_soli_2326391_2326540_+	mtb_smORF434_1473134_1473394_-	85.294	34	5	0	1	34	2	35	9.71e-18	62.4
Cryobacterium_soli_1641444_1641593_+	mtb_smORF434_1473134_1473394_-	85.294	34	5	0	1	34	2	35	9.71e-18	62.4
Cryobacterium_soli_2327118_2327225_-	mtb_smORF129_1472558_1472665_+	91.176	34	3	0	1	34	1	34	2.52e-18	62.0
Cryobacterium_soli_1015611_1015718_-	mtb_smORF129_1472558_1472665_+	91.176	34	3	0	1	34	1	34	2.52e-18	62.0
Cryobacterium_soli_2324738_2324821_-	mtb_smORF215_1474818_1474901_+	88.889	27	3	0	1	27	1	27	2.93e-12	46.2
Cryobacterium_soli_1639784_1639867_-	mtb_smORF215_1474818_1474901_+	88.889	27	3	0	1	27	1	27	2.93e-12	46.2
Cryobacterium_soli_1013231_1013314_-	mtb_smORF215_1474818_1474901_+	88.889	27	3	0	1	27	1	27	2.93e-12	46.2
Cryobacterium_soli_1642171_1642278_-	mtb_smORF129_1472558_1472665_+	91.176	34	3	0	1	34	1	34	2.52e-18	62.0
Fannyhessea_vaginae_409528_409722_-	mtb_smORF36_1474564_1474686_+	58.621	29	12	0	5	33	1	29	4.14e-07	35.0
Fannyhessea_vaginae_528402_528596_-	mtb_smORF36_1474564_1474686_+	58.621	29	12	0	5	33	1	29	4.14e-07	35.0
Streptococcus_oralis_133819_133926_+	mtb_smORF129_1472558_1472665_+	87.500	32	4	0	1	32	1	32	8.03e-17	58.2
Streptococcus_oralis_15518_15625_+	mtb_smORF129_1472558_1472665_+	87.500	32	4	0	1	32	1	32	8.03e-17	58.2
Streptococcus_oralis_175682_175789_+	mtb_smORF129_1472558_1472665_+	87.500	32	4	0	1	32	1	32	8.03e-17	58.2
Streptococcus_oralis_1525297_1525404_-	mtb_smORF129_1472558_1472665_+	87.500	32	4	0	1	32	1	32	8.03e-17	58.2
Vibrio_harveyI_1238240_1238383_+	mtb_smORF129_1472558_1472665_+	71.429	35	10	0	1	35	1	35	2.59e-14	52.4