Bartonella_henselae_1399122_1399229_-	mtb_smORF129_1472558_1472665_+	81.250	32	6	0	1	32	1	32	7.64e-16	55.8
Bartonella_henselae_704486_704707_-	mtb_smORF545_733438_733665_-	50.000	40	17	1	34	73	11	47	1.76e-06	34.7
Bartonella_henselae_1561798_1561905_-	mtb_smORF129_1472558_1472665_+	81.250	32	6	0	1	32	1	32	7.64e-16	55.8
Bartonella_rochalimae_496_588_+	mtb_smORF33_1471750_1471899_+	82.353	17	3	0	14	30	33	49	2.98e-06	31.6
Bartonella_rochalimae_753_947_-	mtb_smORF522_1472059_1472289_-	65.625	64	22	0	1	64	2	65	5.41e-27	86.3
Bordetella_bronchiseptica_2283838_2283945_+	mtb_smORF129_1472558_1472665_+	75.000	32	8	0	1	32	1	32	1.41e-13	50.1
Bordetella_bronchiseptica_2284350_2284553_+	mtb_smORF34_1473025_1473264_+	58.000	50	21	0	1	50	18	67	2.76e-12	49.3
Bordetella_bronchiseptica_2284350_2284553_+	mtb_smORF130_1473209_1473346_+	81.818	22	4	0	45	66	1	22	4.99e-09	40.0
Bordetella_bronchiseptica_4795349_4795552_-	mtb_smORF34_1473025_1473264_+	58.000	50	21	0	1	50	18	67	2.76e-12	49.3
Bordetella_bronchiseptica_4795349_4795552_-	mtb_smORF130_1473209_1473346_+	81.818	22	4	0	45	66	1	22	4.99e-09	40.0
Bordetella_bronchiseptica_3931181_3931384_-	mtb_smORF34_1473025_1473264_+	58.000	50	21	0	1	50	18	67	2.76e-12	49.3
Bordetella_bronchiseptica_3931181_3931384_-	mtb_smORF130_1473209_1473346_+	81.818	22	4	0	45	66	1	22	4.99e-09	40.0
Bordetella_bronchiseptica_4795957_4796064_-	mtb_smORF129_1472558_1472665_+	75.000	32	8	0	1	32	1	32	1.41e-13	50.1
Bordetella_bronchiseptica_3931789_3931896_-	mtb_smORF129_1472558_1472665_+	75.000	32	8	0	1	32	1	32	1.41e-13	50.1
Bordetella_pertussis_2013136_2013339_+	mtb_smORF34_1473025_1473264_+	62.000	50	19	0	1	50	18	67	4.60e-15	56.2
Bordetella_pertussis_2013136_2013339_+	mtb_smORF130_1473209_1473346_+	81.818	22	4	0	45	66	1	22	4.52e-09	40.4
Bordetella_pertussis_2444512_2444733_+	mtb_smORF434_1473134_1473394_-	62.903	62	23	0	7	68	4	65	2.19e-24	80.5
Bordetella_pertussis_2012624_2012731_+	mtb_smORF129_1472558_1472665_+	71.875	32	9	0	1	32	1	32	1.89e-12	47.4
Bordetella_pertussis_3258965_3259186_+	mtb_smORF434_1473134_1473394_-	62.903	62	23	0	7	68	4	65	2.19e-24	80.5
Bordetella_pertussis_3259088_3259291_-	mtb_smORF34_1473025_1473264_+	62.000	50	19	0	1	50	18	67	4.60e-15	56.2
Bordetella_pertussis_3259088_3259291_-	mtb_smORF130_1473209_1473346_+	81.818	22	4	0	45	66	1	22	4.52e-09	40.4
Bordetella_pertussis_3259696_3259803_-	mtb_smORF129_1472558_1472665_+	71.875	32	9	0	1	32	1	32	1.89e-12	47.4
Bordetella_pertussis_2444635_2444838_-	mtb_smORF34_1473025_1473264_+	62.000	50	19	0	1	50	18	67	4.60e-15	56.2
Bordetella_pertussis_2444635_2444838_-	mtb_smORF130_1473209_1473346_+	81.818	22	4	0	45	66	1	22	4.52e-09	40.4
Bordetella_pertussis_2013241_2013462_-	mtb_smORF434_1473134_1473394_-	62.903	62	23	0	7	68	4	65	2.19e-24	80.5
Bordetella_pertussis_2445243_2445350_-	mtb_smORF129_1472558_1472665_+	71.875	32	9	0	1	32	1	32	1.89e-12	47.4
Brucella_ovis1066898_1067005_-	mtb_smORF129_1472558_1472665_+	81.250	32	6	0	1	32	1	32	1.51e-15	55.1
Campylobacter_rectus_155845_156084_+	mtb_smORF34_1473025_1473264_+	60.000	50	20	0	30	79	29	78	2.57e-15	57.4
Campylobacter_rectus_776953_777192_+	mtb_smORF34_1473025_1473264_+	60.000	50	20	0	30	79	29	78	2.57e-15	57.4
Campylobacter_rectus_950378_950617_+	mtb_smORF34_1473025_1473264_+	60.000	50	20	0	30	79	29	78	2.57e-15	57.4
Escherichia_coli_3942529_3942672_+	mtb_smORF129_1472558_1472665_+	78.125	32	7	0	1	32	1	32	2.64e-14	52.4
Escherichia_coli_4036252_4036395_+	mtb_smORF129_1472558_1472665_+	78.125	32	7	0	1	32	1	32	2.64e-14	52.4
Escherichia_coli_224492_224635_+	mtb_smORF129_1472558_1472665_+	78.125	32	7	0	1	32	1	32	2.64e-14	52.4
Escherichia_coli_4167380_4167523_+	mtb_smORF129_1472558_1472665_+	78.125	32	7	0	1	32	1	32	2.64e-14	52.4
Escherichia_coli_4208868_4209011_+	mtb_smORF129_1472558_1472665_+	78.125	32	7	0	1	32	1	32	2.64e-14	52.4
Escherichia_coli_3427898_3428041_-	mtb_smORF129_1472558_1472665_+	78.125	32	7	0	1	32	1	32	2.64e-14	52.4
Escherichia_coli_2730293_2730436_-	mtb_smORF129_1472558_1472665_+	78.125	32	7	0	1	32	1	32	2.64e-14	52.4
Granulibacter_bethesdensis_838402_838629_+	mtb_smORF130_1473209_1473346_+	67.857	28	9	0	33	60	1	28	2.14e-10	43.9
Granulibacter_bethesdensis_838402_838629_+	mtb_smORF34_1473025_1473264_+	55.882	34	15	0	5	38	34	67	1.72e-06	34.7
Granulibacter_bethesdensis_837873_837992_+	mtb_smORF129_1472558_1472665_+	87.500	24	3	0	1	24	9	32	1.49e-11	45.1
Granulibacter_bethesdensis_2599739_2599858_-	mtb_smORF129_1472558_1472665_+	87.500	24	3	0	1	24	9	32	1.49e-11	45.1
Granulibacter_bethesdensis_2599102_2599329_-	mtb_smORF130_1473209_1473346_+	67.857	28	9	0	33	60	1	28	2.14e-10	43.9
Granulibacter_bethesdensis_2599102_2599329_-	mtb_smORF34_1473025_1473264_+	55.882	34	15	0	5	38	34	67	1.72e-06	34.7
Granulibacter_bethesdensis_2028856_2028975_-	mtb_smORF129_1472558_1472665_+	87.500	24	3	0	1	24	9	32	1.49e-11	45.1
Granulibacter_bethesdensis_2028219_2028446_-	mtb_smORF130_1473209_1473346_+	67.857	28	9	0	33	60	1	28	2.14e-10	43.9
Granulibacter_bethesdensis_2028219_2028446_-	mtb_smORF34_1473025_1473264_+	55.882	34	15	0	5	38	34	67	1.72e-06	34.7
Providencia_alcalifaciens_1178137_1178280_+	mtb_smORF129_1472558_1472665_+	78.125	32	7	0	1	32	1	32	2.10e-14	52.8
Providencia_alcalifaciens_1213931_1214074_+	mtb_smORF129_1472558_1472665_+	78.125	32	7	0	1	32	1	32	2.10e-14	52.8
Providencia_alcalifaciens_1888503_1888646_+	mtb_smORF129_1472558_1472665_+	78.125	32	7	0	1	32	1	32	2.10e-14	52.8
Providencia_alcalifaciens_970642_970785_-	mtb_smORF129_1472558_1472665_+	78.125	32	7	0	1	32	1	32	2.10e-14	52.8
Providencia_alcalifaciens_32851_32994_-	mtb_smORF129_1472558_1472665_+	78.125	32	7	0	1	32	1	32	2.10e-14	52.8
Pseudomonas_aeruginosa_722811_722918_+	mtb_smORF129_1472558_1472665_+	78.125	32	7	0	1	32	1	32	3.99e-14	51.6
Pseudomonas_aeruginosa_5268438_5268545_-	mtb_smORF129_1472558_1472665_+	78.125	32	7	0	1	32	1	32	3.99e-14	51.6
Pseudomonas_aeruginosa_6043922_6044029_-	mtb_smORF129_1472558_1472665_+	78.125	32	7	0	1	32	1	32	3.99e-14	51.6
Pseudomonas_aeruginosa_4792910_4793017_-	mtb_smORF129_1472558_1472665_+	78.125	32	7	0	1	32	1	32	3.99e-14	51.6
Renibacterium_salmoninarum_368017_368100_+	mtb_smORF215_1474818_1474901_+	100.000	22	0	0	6	27	6	27	7.79e-12	45.1
Renibacterium_salmoninarum_678079_678162_+	mtb_smORF215_1474818_1474901_+	100.000	22	0	0	6	27	6	27	7.79e-12	45.1
Renibacterium_salmoninarum_364748_364864_+	mtb_smORF33_1471750_1471899_+	100.000	14	0	0	25	38	36	49	3.29e-06	32.0
Renibacterium_salmoninarum_365525_365632_+	mtb_smORF129_1472558_1472665_+	88.571	35	4	0	1	35	1	35	3.48e-19	64.3
Renibacterium_salmoninarum_674810_674926_+	mtb_smORF33_1471750_1471899_+	100.000	14	0	0	25	38	36	49	3.29e-06	32.0
Renibacterium_salmoninarum_675587_675694_+	mtb_smORF129_1472558_1472665_+	88.571	35	4	0	1	35	1	35	3.48e-19	64.3
Renibacterium_salmoninarum_676274_676447_-	mtb_smORF434_1473134_1473394_-	86.111	36	5	0	8	43	1	36	9.45e-20	68.2
Renibacterium_salmoninarum_366212_366385_-	mtb_smORF434_1473134_1473394_-	86.111	36	5	0	8	43	1	36	9.45e-20	68.2
Staphylococcus_aureus_449548_449655_+	mtb_smORF129_1472558_1472665_+	78.125	32	7	0	1	32	1	32	1.74e-15	55.1
Staphylococcus_aureus_493828_493935_+	mtb_smORF129_1472558_1472665_+	78.125	32	7	0	1	32	1	32	1.74e-15	55.1
Staphylococcus_aureus_494296_494592_+	mtb_smORF34_1473025_1473264_+	53.165	79	35	1	1	77	1	79	2.28e-21	73.6
Staphylococcus_aureus_494296_494592_+	mtb_smORF130_1473209_1473346_+	73.077	26	7	0	62	87	1	26	5.08e-11	46.6
Staphylococcus_aureus_450017_450313_+	mtb_smORF34_1473025_1473264_+	53.165	79	35	1	1	77	1	79	2.28e-21	73.6
Staphylococcus_aureus_450017_450313_+	mtb_smORF130_1473209_1473346_+	73.077	26	7	0	62	87	1	26	5.08e-11	46.6
Staphylococcus_aureus_2243520_2243627_-	mtb_smORF129_1472558_1472665_+	78.125	32	7	0	1	32	1	32	1.74e-15	55.1
Staphylococcus_aureus_2127118_2127225_-	mtb_smORF129_1472558_1472665_+	78.125	32	7	0	1	32	1	32	1.74e-15	55.1
Staphylococcus_aureus_2126461_2126757_-	mtb_smORF34_1473025_1473264_+	53.165	79	35	1	1	77	1	79	2.28e-21	73.6
Staphylococcus_aureus_2126461_2126757_-	mtb_smORF130_1473209_1473346_+	73.077	26	7	0	62	87	1	26	5.08e-11	46.6
Staphylococcus_aureus_1905649_1905756_-	mtb_smORF129_1472558_1472665_+	78.125	32	7	0	1	32	1	32	1.74e-15	55.1
Staphylococcus_aureus_1904992_1905288_-	mtb_smORF34_1473025_1473264_+	51.899	79	36	1	1	77	1	79	8.56e-21	72.0
Staphylococcus_aureus_1904992_1905288_-	mtb_smORF130_1473209_1473346_+	73.077	26	7	0	62	87	1	26	5.37e-11	46.2
Stenotrophomonas	mtb_smORF434_1473134_1473394_-	68.235	85	27	0	14	98	2	86	2.74e-39	119
Stenotrophomonas	mtb_smORF129_1472558_1472665_+	71.875	32	9	0	1	32	1	32	6.94e-13	48.9
Stenotrophomonas	mtb_smORF34_1473025_1473264_+	68.852	61	19	0	1	61	18	78	2.65e-26	84.7
Stenotrophomonas	mtb_smORF129_1472558_1472665_+	71.875	32	9	0	1	32	1	32	6.94e-13	48.9
Stenotrophomonas	mtb_smORF34_1473025_1473264_+	68.852	61	19	0	1	61	18	78	2.65e-26	84.7
Stenotrophomonas	mtb_smORF434_1473134_1473394_-	68.235	85	27	0	14	98	2	86	2.74e-39	119
Stenotrophomonas	mtb_smORF129_1472558_1472665_+	71.875	32	9	0	1	32	1	32	6.94e-13	48.9
Stenotrophomonas	mtb_smORF34_1473025_1473264_+	68.852	61	19	0	1	61	18	78	2.65e-26	84.7
Stenotrophomonas	mtb_smORF434_1473134_1473394_-	68.235	85	27	0	14	98	2	86	2.74e-39	119
Stenotrophomonas	mtb_smORF434_1473134_1473394_-	68.235	85	27	0	14	98	2	86	2.74e-39	119
Stenotrophomonas	mtb_smORF129_1472558_1472665_+	71.875	32	9	0	1	32	1	32	6.94e-13	48.9
Stenotrophomonas	mtb_smORF34_1473025_1473264_+	68.852	61	19	0	1	61	18	78	2.65e-26	84.7
streptococcus_agalactiae_28894_29001_+	mtb_smORF129_1472558_1472665_+	87.500	32	4	0	1	32	1	32	2.37e-17	59.7
streptococcus_agalactiae_98404_98511_+	mtb_smORF129_1472558_1472665_+	87.500	32	4	0	1	32	1	32	2.37e-17	59.7
streptococcus_agalactiae_174394_174501_+	mtb_smORF129_1472558_1472665_+	87.500	32	4	0	1	32	1	32	2.37e-17	59.7
streptococcus_agalactiae_260917_261024_+	mtb_smORF129_1472558_1472665_+	87.500	32	4	0	1	32	1	32	2.37e-17	59.7
streptococcus_agalactiae_425617_425724_+	mtb_smORF129_1472558_1472665_+	87.500	32	4	0	1	32	1	32	2.37e-17	59.7
streptococcus_agalactiae_17237_17344_+	mtb_smORF129_1472558_1472665_+	87.500	32	4	0	1	32	1	32	2.37e-17	59.7
streptococcus_agalactiae_23063_23170_+	mtb_smORF129_1472558_1472665_+	87.500	32	4	0	1	32	1	32	2.37e-17	59.7
streptococcus_agalactiae_356489_356596_+	mtb_smORF129_1472558_1472665_+	87.500	32	4	0	1	32	1	32	2.37e-17	59.7
Streptococcus_iniae52315_52422_+	mtb_smORF129_1472558_1472665_+	87.500	32	4	0	1	32	1	32	2.37e-17	59.7
Streptococcus_iniae_1784980_1785087_-	mtb_smORF129_1472558_1472665_+	87.500	32	4	0	1	32	1	32	2.37e-17	59.7